[2000.0, 1000.0, 100.0, 50.0] 16.01243601 3.98497517
[200.0, 100.0, 10.0, 5.0] 30.25409839 3.91817269
[400.0, 200.0, 20.0, 10.0] 28.01796917 3.92774468
[600.0, 300.0, 30.0, 15.0] 27.19235204 3.9294494
[800.0, 400.0, 40.0, 20.0] 25.94795163 3.92855276
[1000.0, 500.0, 50.0, 25.0] 24.40120073 3.9339253
[1200.0, 600.0, 60.0, 30.0] 22.68453246 3.95772729
[1400.0, 700.0, 70.0, 35.0] 20.91557423 3.96193715
[1600.0, 800.0, 80.0, 40.0] 19.18151967 3.93157531
[1800.0, 900.0, 90.0, 45.0] 17.537485 3.96539745
[2000.0, 1000.0, 100.0, 50.0] 16.01243601 3.98497517
[2200.0, 1100.0, 110.00000000000001, 55.00000000000001] 14.61707629 3.94538978
[2400.0, 1200.0, 120.0, 60.0] 13.35075498 3.92345276
[2600.0, 1300.0, 130.0, 65.0] 12.33326352 3.93370525
[2800.0, 1400.0, 140.0, 70.0] 11.41116101 3.91955067
[3000.0, 1500.0, 150.0, 75.0] 10.56970234 3.91434188
